Iteración 0
---------
Abiertos = (2,3)
Cerrados =
----------------
Iteración 1
---------
Abiertos = (3,3)  (1,3)  (2,4)  (2,2)  
Cerrados = (2,3)  
----------------
Iteración 2
---------
Abiertos = (1,3)  (2,4)  (2,2)  (3,4)  (3,2)  
Cerrados = (2,3)  (3,3)  
----------------
Iteración 3
---------
Abiertos = (1,3)  (2,4)  (3,4)  (3,2)  (1,2)  (2,1)  
Cerrados = (2,3)  (3,3)  (2,2)  
----------------
Iteración 4
---------
Abiertos = (1,3)  (2,4)  (3,4)  (3,2)  (1,2)  (3,1)  (1,1)  (2,0)  
Cerrados = (2,3)  (3,3)  (2,2)  (2,1)  
----------------
Iteración 5
---------
Abiertos = (1,3)  (2,4)  (3,4)  (3,2)  (1,2)  (1,1)  (2,0)  (3,0)  
Cerrados = (2,3)  (3,3)  (2,2)  (2,1)  (3,1)  
----------------
Iteración 6
---------
Abiertos = (1,3)  (2,4)  (3,4)  (3,2)  (1,2)  (1,1)  (3,0)  (1,0)  
Cerrados = (2,3)  (3,3)  (2,2)  (2,1)  (3,1)  (2,0)  
----------------
Iteración 7
---------
Abiertos = (1,3)  (2,4)  (3,4)  (3,2)  (1,2)  (1,1)  (1,0)  (4,0)  
Cerrados = (2,3)  (3,3)  (2,2)  (2,1)  (3,1)  (2,0)  (3,0)  
----------------
Iteración 8
---------
Abiertos = (1,3)  (2,4)  (3,4)  (3,2)  (1,2)  (1,1)  (1,0)  (5,0)  
Cerrados = (2,3)  (3,3)  (2,2)  (2,1)  (3,1)  (2,0)  (3,0)  (4,0)  
----------------
Iteración 9
---------
Abiertos = (1,3)  (2,4)  (3,4)  (3,2)  (1,2)  (1,1)  (1,0)  (6,0)  (5,1)  
Cerrados = (2,3)  (3,3)  (2,2)  (2,1)  (3,1)  (2,0)  (3,0)  (4,0)  (5,0)  
----------------
Camino: (2,3)  -> (2,2)  -> (2,1)  -> (3,1)  -> (3,0)  -> (4,0)  -> (5,0)  -> (6,0) 